MATRIX: -1
1 5 4 7
0.2 1 0.2 3
0.25 2 1 3
0.14 0.33 0.33 1

MATRIX: 0
1.0 7.559 7.532 8.96
0.132 1.0 1.118 3.649
0.133 0.894 1.0 0.536
0.112 0.274 1.866 1.0

MATRIX: 1
1.0 6.627 5.96 2.409
0.151 1.0 7.628 8.534
0.168 0.131 1.0 3.757
0.415 0.117 0.266 1.0

MATRIX: 2
1.0 0.317 5.03 7.37
3.155 1.0 2.319 7.895
0.199 0.431 1.0 4.001
0.136 0.127 0.25 1.0

MATRIX: 3
1.0 1.456 9.617 5.405
0.687 1.0 7.701 8.204
0.104 0.13 1.0 5.857
0.185 0.122 0.171 1.0

MATRIX: 4
1.0 4.752 3.082 6.382
0.21 1.0 1.769 1.995
0.324 0.565 1.0 5.663
0.157 0.501 0.177 1.0

MATRIX: 5
1.0 2.238 2.383 1.143
0.447 1.0 5.267 5.574
0.42 0.19 1.0 6.484
0.875 0.179 0.154 1.0

MATRIX: 6
1.0 7.412 8.299 8.566
0.135 1.0 7.562 2.866
0.12 0.132 1.0 5.259
0.117 0.349 0.19 1.0

MATRIX: 7
1.0 6.949 0.757 4.224
0.144 1.0 5.596 3.614
1.321 0.179 1.0 7.038
0.237 0.277 0.142 1.0

MATRIX: 8
1.0 0.18 5.076 7.794
5.556 1.0 4.45 1.076
0.197 0.225 1.0 7.143
0.128 0.929 0.14 1.0

MATRIX: 9
1.0 9.541 5.501 9.341
0.105 1.0 1.397 5.628
0.182 0.716 1.0 1.285
0.107 0.178 0.778 1.0